2000.0 1.61443660349816
2010.0 1.556712852957604
2020.0 1.501324178652101
2030.0 1.448167123559336
2040.0 1.397143167587134
2050.0 1.348158476631162
2060.0 1.301123665111502
2070.0 1.255953571227734
2080.0 1.212567044216846
2090.0 1.170886742940532
2100.0 1.130838945167789
2110.0 1.092353366956013
2120.0 1.05536299156846
2130.0 1.019803907398813
2140.0 0.9856151544041777
2150.0 0.9527385785768688
2160.0 0.921118694012337
2170.0 0.8907025521562089
2180.0 0.8614396178372672
2190.0 0.8332816517158584
2200.0 0.8061825987982593
2210.0 0.7800984826876047
2220.0 0.7549873052605887
2230.0 0.730808951476871
2240.0 0.7075250990446484
2250.0 0.685099132681501
2260.0 0.6634960627242604
2270.0 0.6426824478555238
2280.0 0.6226263217274117
2290.0 0.6032971232754432
2300.0 0.5846656305269327
2310.0 0.5667038977191864
2320.0 0.5493851955530151
2330.0 0.5326839544167125
2340.0 0.5165757104247667
2350.0 0.5010370541240966
2360.0 0.4860455817287243
2370.0 0.4715798487513644
2380.0 0.4576193259076225
2390.0 0.4441443571752308
2400.0 0.4311361198971625
2410.0 0.4185765868234539
2420.0 0.4064484899922768
2430.0 0.3947352863561266
2440.0 0.3834211250640899
2450.0 0.3724908163158829
2460.0 0.3619298017079042
2470.0 0.3517241259957529
2480.0 0.3418604102017263
2490.0 0.3323258259995607
2500.0 0.3231080713123
2510.0 0.314195347062529
2520.0 0.3055763350174331
2530.0 0.2972401766741469
2540.0 0.2891764531337214
2550.0 0.2813751659147378
2560.0 0.2738267186601389
2570.0 0.2665218996932756
2580.0 0.259451865381432
2590.0 0.252608124267264
2600.0 0.2459825219306119
2610.0 0.2395672265450975
2620.0 0.2333547150957175
2630.0 0.2273377602254023
2640.0 0.2215094176801157
2650.0 0.2158630143236433
2660.0 0.2103921366946671
2670.0 0.2050906200801218
2680.0 0.1999525380801325
2690.0 0.1949721926410894
2700.0 0.1901441045345804
2710.0 0.1854630042610344
2720.0 0.1809238233579691
2730.0 0.1765216860937563
2740.0 0.1722519015287534
2750.0 0.1681099559265594
2760.0 0.1640915054990042
2770.0 0.1601923694692882
2780.0 0.1564085234384595
2790.0 0.1527360930411369
2800.0 0.1491713478770914
2810.0 0.1457106957059318
2820.0 0.1423506768927853
2830.0 0.1390879590934319
2840.0 0.1359193321679278
2850.0 0.1328417033122697
2860.0 0.1298520923981678
2870.0 0.1269476275114632
2880.0 0.1241255406801883
2890.0 0.1213831637836922
2900.0 0.1187179246346705
2910.0 0.1161273432263192
2920.0 0.1136090281372109
2930.0 0.1111606730868344
2940.0 0.1087800536350789
2950.0 0.1064650240192559
2960.0 0.1042135141225572
2970.0 0.102023526568131
2980.0 0.09989313393323154
2990.0 0.09782047607815615
3000.0 0.09580375758493065
3010.0 0.09384124530093642
3020.0 0.09193126598289691
3030.0 0.09007220403685237
3040.0 0.08826249934995124
3050.0 0.08650064521008358
3060.0 0.08478518630955725
3070.0 0.08311471682919779
3080.0 0.08148787859941331
3090.0 0.07990335933492664
3100.0 0.07835989094002371
3110.0 0.07685624788131286
3120.0 0.07539124562512202
3130.0 0.07396373913679485
3140.0 0.07257262143926392
3150.0 0.07121682222840349
3160.0 0.06989530654276933
3170.0 0.06860707348544601
3180.0 0.06735115499581783
3190.0 0.06612661466918154
3200.0 0.06493254662220696
3210.0 0.06376807440234313
3220.0 0.06263234993934844
3230.0 0.06152455253720566
3240.0 0.06044388790475763
3250.0 0.05938958722347232
3260.0 0.05836090625081593
3270.0 0.05735712445777796
3280.0 0.05637754419915716
3290.0 0.05542148991527399
3300.0 0.05448830736383797
3310.0 0.05357736288074737
3320.0 0.05268804266865659
3330.0 0.05181975211219156
3340.0 0.05097191511874596
3350.0 0.05014397348383257
3360.0 0.04933538628001079
3370.0 0.04854562926845049
3380.0 0.04777419433223428
3390.0 0.04702058893053631
3400.0 0.04628433557285352
3410.0 0.04556497131249861
3420.0 0.04486204725859842
3430.0 0.0441751281058716
3440.0 0.04350379168149136
3450.0 0.04284762850836617
3460.0 0.04220624138420082
3470.0 0.04157924497572483
3480.0 0.0409662654275022
3490.0 0.04036693998475906
3500.0 0.03978091662969052
3510.0 0.03920785373072829
3520.0 0.03864741970427393
3530.0 0.03809929268842058
3540.0 0.03756316022820732
3550.0 0.0370387189719677
3560.0 0.03652567437835189
3570.0 0.03602374043361945
3580.0 0.03553263937881513
3590.0 0.03505210144645627
3600.0 0.03458186460637516
3610.0 0.03412167432037376
3620.0 0.03367128330536208
3630.0 0.03323045130466444
3640.0 0.03279894486719052
3650.0 0.03237653713418001
3660.0 0.03196300763324116
3670.0 0.03155814207941447
3680.0 0.03116173218300381
3690.0 0.03077357546392649
3700.0 0.03039347507234442
3710.0 0.03002123961534717
3720.0 0.02965668298946703
3730.0 0.02929962421881428
3740.0 0.02894988729862981
3750.0 0.02860730104405907
3760.0 0.02827169894395993
3770.0 0.02794291901956339
3780.0 0.02762080368781357
3790.0 0.02730519962921978
3800.0 0.02699595766005996
3810.0 0.02669293260878083
3820.0 0.02639598319644604
3830.0 0.0261049719210893
3840.0 0.02581976494583454
3850.0 0.02554023199065092
3860.0 0.02526624622761489
3870.0 0.02499768417955679
3880.0 0.02473442562197369
3890.0 0.02447635348809485
3900.0 0.02422335377699023
3910.0 0.02397531546461681
3920.0 0.0237321304177009
3930.0 0.02349369331035897
3940.0 0.02325990154336288
3950.0 0.02303065516595847
3960.0 0.02280585680015058
3970.0 0.02258541156737022
3980.0 0.02236922701744254
3990.0 0.02215721305977805
4000.0 0.02194928189671123
4010.0 0.02174534795891443
4020.0 0.0215453278428168
4030.0 0.02134914024996121
4040.0 0.02115670592823393
4050.0 0.02096794761490445
4060.0 0.02078278998141529
4070.0 0.02060115957986337
4080.0 0.02042298479111681
4090.0 0.02024819577451311
4100.0 0.02007672441908644
4110.0 0.01990850429627368
4120.0 0.01974347061405056
4130.0 0.01958156017245117
4140.0 0.0194227113204254
4150.0 0.01926686391399087
4160.0 0.01911395927563718
4170.0 0.01896394015494172
4180.0 0.01881675069035801
4190.0 0.01867233637213854
4200.0 0.0185306440063557
4210.0 0.01839162167998542
4220.0 0.01825521872701946
4230.0 0.01812138569557354
4240.0 0.01799007431595953
4250.0 0.01786123746969083
4260.0 0.01773482915939168
4270.0 0.01761080447958149
4280.0 0.01748911958830661
4290.0 0.01736973167959297
4300.0 0.01725259895669366
4310.0 0.01713768060610655
4320.0 0.0170249367723379
4330.0 0.01691432853338869
4340.0 0.01680581787694114
4350.0 0.01669936767722365
4360.0 0.01659494167253332
4370.0 0.01649250444339548
4380.0 0.01639202139134076
4390.0 0.01629345871828078
4400.0 0.0161967834064638
4410.0 0.01610196319899298
4420.0 0.01600896658088973
4430.0 0.01591776276068578
4440.0 0.01582832165252774
4450.0 0.01574061385877885
4460.0 0.01565461065310256
4470.0 0.01557028396401367
4480.0 0.015487606358883
4490.0 0.01540655102838155
4500.0 0.01532709177135167
4510.0 0.01524920298009177
4520.0 0.01517285962604283
4530.0 0.0150980372458643
4540.0 0.01502471192788828
4550.0 0.01495286029894038
4560.0 0.01488245951151664
4570.0 0.01481348723130607
4580.0 0.0147459216250485
4590.0 0.01467974134871802
4600.0 0.01461492553602245
4610.0 0.01455145378720956
4620.0 0.01448930615817128
4630.0 0.01442846314983699
4640.0 0.01436890569784778
4650.0 0.01431061516250335
4660.0 0.01425357331897377
4670.0 0.01419776234776846
4680.0 0.0141431648254551
4690.0 0.01408976371562106
4700.0 0.01403754236007069
4710.0 0.01398648447025164
4720.0 0.01393657411890353
4730.0 0.01388779573192303
4740.0 0.01384013408043877
4750.0 0.01379357427309051
4760.0 0.0137481017485066
4770.0 0.01370370226797424
4780.0 0.01366036190829712
4790.0 0.01361806705483507
4800.0 0.01357680439472086
4810.0 0.01353656091024897
4820.0 0.01349732387243165
4830.0 0.01345908083471772
4840.0 0.01342181962686929
4850.0 0.01338552834899245
4860.0 0.01335019536571731
4870.0 0.01331580930052344
4880.0 0.01328235903020676
4890.0 0.01324983367948388
4900.0 0.01321822261573012
4910.0 0.01318751544384772
4920.0 0.01315770200126052
4930.0 0.01312877235303169
4940.0 0.01310071678710128
4950.0 0.01307352580964015
4960.0 0.01304719014051734
4970.0 0.01302170070887763
4980.0 0.01299704864882647
4990.0 0.01297322529521926
5000.0 0.01295022217955221
5010.0 0.0129280310259522
5020.0 0.01290664374726268
5030.0 0.01288605244122342
5040.0 0.01286624938674125
5050.0 0.01284722704024964
5060.0 0.01282897803215456
5070.0 0.01281149516336447
5080.0 0.01279477140190214
5090.0 0.01277879987959612
5100.0 0.01276357388884982
5110.0 0.01274908687948605
5120.0 0.01273533245566511
5130.0 0.01272230437287456
5140.0 0.01270999653498856
5150.0 0.01269840299139522
5160.0 0.01268751793418991
5170.0 0.01267733569543316
5180.0 0.01266785074447096
5190.0 0.01265905768531641
5200.0 0.0126509512540906
5210.0 0.01264352631652148
5220.0 0.01263677786549919
5230.0 0.01263070101868622
5240.0 0.01262529101618114
5250.0 0.01262054321823444
5260.0 0.01261645310301509
5270.0 0.0126130162644266
5280.0 0.01261022840997125
5290.0 0.01260808535866122
5300.0 0.01260658303897536
5310.0 0.01260571748686063
5320.0 0.01260548484377681
5330.0 0.01260588135478347
5340.0 0.01260690336666815
5350.0 0.01260854732611455
5360.0 0.01261080977790992
5370.0 0.0126136873631904
5380.0 0.01261717681772337
5390.0 0.01262127497022616
5400.0 0.01262597874071963
5410.0 0.01263128513891631
5420.0 0.01263719126264168
5430.0 0.01264369429628819
5440.0 0.0126507915093008
5450.0 0.01265848025469346
5460.0 0.01266675796759568
5470.0 0.0126756221638283
5480.0 0.01268507043850788
5490.0 0.01269510046467878
5500.0 0.01270570999197239
5510.0 0.01271689684529267
5520.0 0.01272865892352738
5530.0 0.01274099419828426
5540.0 0.01275390071265165
5550.0 0.01276737657998274
5560.0 0.01278141998270291
5570.0 0.01279602917113965
5580.0 0.01281120246237421
5590.0 0.0128269382391147
5600.0 0.01284323494858981
5610.0 0.01286009110146286
5620.0 0.01287750527076536
5630.0 0.01289547609084986
5640.0 0.01291400225636128
5650.0 0.01293308252122641
5660.0 0.01295271569766105
5670.0 0.01297290065519433
5680.0 0.01299363631970965
5690.0 0.01301492167250187
5700.0 0.01303675574935035
5710.0 0.01305913763960722
5720.0 0.01308206648530075
5730.0 0.01310554148025304
5740.0 0.01312956186921196
5750.0 0.01315412694699675
5760.0 0.01317923605765695
5770.0 0.01320488859364427
5780.0 0.01323108399499706
5790.0 0.01325782174853693
5800.0 0.0132851013870774
5810.0 0.01331292248864378
5820.0 0.01334128467570459
5830.0 0.01337018761441348
5840.0 0.01339963101386192
5850.0 0.01342961462534198
5860.0 0.01346013824161911
5870.0 0.01349120169621435
5880.0 0.01352280486269605
5890.0 0.01355494765398045
5900.0 0.01358763002164108
5910.0 0.01362085195522655
5920.0 0.01365461348158654
5930.0 0.01368891466420581
5940.0 0.01372375560254569
5950.0 0.01375913643139312
5960.0 0.01379505732021678
5970.0 0.01383151847253013
5980.0 0.01386852012526124
5990.0 0.01390606254812884
6000.0 0.01394414604302483
6010.0 0.01398277094340259
6020.0 0.01402193761367121
6030.0 0.01406164644859518
6040.0 0.01410189787269944
6050.0 0.01414269233967972
6060.0 0.01418403033181752
6070.0 0.01422591235940023
6080.0 0.01426833896014546
6090.0 0.01431131069862997
6100.0 0.01435482816572263
6110.0 0.01439889197802152
6120.0 0.01444350277729476
6130.0 0.01448866122992505
6140.0 0.01453436802635762
6150.0 0.01458062388055163
6160.0 0.01462742952943459
6170.0 0.01467478573235988
6180.0 0.01472269327056705
6190.0 0.01477115294664484
6200.0 0.01482016558399681
6210.0 0.01486973202630914
6220.0 0.01491985313702101
6230.0 0.01497052979879689
6240.0 0.01502176291300075
6250.0 0.01507355339917235
6260.0 0.01512590219450503
6270.0 0.0151788102533252
6280.0 0.01523227854657328
6290.0 0.01528630806128592
6300.0 0.01534089980007954
6310.0 0.0153960547806349
6320.0 0.01545177403518271
6330.0 0.01550805860999009
6340.0 0.01556490956484776
6350.0 0.0156223279725581
6360.0 0.01568031491842344
6370.0 0.01573887149973515
6380.0 0.01579799882526286
6390.0 0.01585769801474409
6400.0 0.01591797019837392
6410.0 0.01597881651629492
6420.0 0.01604023811808688
6430.0 0.01610223616225665
6440.0 0.01616481181572762
6450.0 0.01622796625332905
6460.0 0.01629170065728509
6470.0 0.0163560162167032
6480.0 0.01642091412706243
6490.0 0.01648639558970073
6500.0 0.0165524618113019
6510.0 0.01661911400338182
6520.0 0.01668635338177372
6530.0 0.01675418116611296
6540.0 0.01682259857932049
6550.0 0.01689160684708573
6560.0 0.01696120719734827
6570.0 0.01703140085977851
6580.0 0.01710218906525717
6590.0 0.01717357304535373
6600.0 0.0172455540318035
6610.0 0.01731813325598358
6620.0 0.01739131194838736
6630.0 0.01746509133809779
6640.0 0.01753947265225917
6650.0 0.01761445711554751
6660.0 0.01769004594963953
6670.0 0.01776624037267996
6680.0 0.01784304159874745
6690.0 0.01792045083731891
6700.0 0.0179984692927321
6710.0 0.01807709816364678
6720.0 0.01815633864250412
6730.0 0.01823619191498435
6740.0 0.01831665915946296
6750.0 0.01839774154646489
6760.0 0.01847944023811718
6770.0 0.01856175638759982
6780.0 0.01864469113859488
6790.0 0.01872824562473377
6800.0 0.01881242096904282
6810.0 0.01889721828338703
6820.0 0.01898263866791203
6830.0 0.01906868321048428
6840.0 0.01915535298612941
6850.0 0.01924264905646885
6860.0 0.01933057246915459
6870.0 0.01941912425730217
6880.0 0.01950830543892199
6890.0 0.01959811701634868
6900.0 0.01968855997566886
6910.0 0.01977963528614708
6920.0 0.01987134389965005
6930.0 0.01996368675006914
6940.0 0.02005666475274122
6950.0 0.02015027880386779
6960.0 0.02024452977993248
6970.0 0.02033941853711695
6980.0 0.02043494591071508
6990.0 0.02053111271454576
7000.0 0.02062791974036405
7010.0 0.02072536775727076
7020.0 0.02082345751112074
7030.0 0.02092218972392954
7040.0 0.02102156509327889
7050.0 0.02112158429172059
7060.0 0.0212222479661793
7070.0 0.02132355673735393
7080.0 0.02142551119911789
7090.0 0.02152811191791812
7100.0 0.02163135943217299
7110.0 0.0217352542516693
7120.0 0.02183979685695796
7130.0 0.02194498769874905
7140.0 0.02205082719730576
7150.0 0.02215731574183758
7160.0 0.02226445368989275
7170.0 0.02237224136674994
7180.0 0.02248067906480935
7190.0 0.02258976704298319
7200.0 0.02269950552608572
7210.0 0.02280989470422284
7220.0 0.02292093473218131
7230.0 0.02303262572881771
7240.0 0.02314496777644728
7250.0 0.0232579609202325
7260.0 0.02337160516757177
7270.0 0.02348590048748811
7280.0 0.02360084681001794
7290.0 0.02371644402560023
7300.0 0.02383269198446578
7310.0 0.02394959049602709
7320.0 0.02406713932826862
7330.0 0.02418533820713774
7340.0 0.02430418681593628
7350.0 0.02442368479471299
7360.0 0.02454383173965681
7370.0 0.02466462720249122
7380.0 0.02478607068986961
7390.0 0.02490816166277204
7400.0 0.02503089953590304
7410.0 0.02515428367709118
7420.0 0.02527831340668992
7430.0 0.02540298799698027
7440.0 0.02552830667157522
7450.0 0.02565426860482596
7460.0 0.02578087292123028
7470.0 0.02590811869484291
7480.0 0.02603600494868835
7490.0 0.02616453065417587
7500.0 0.02629369473051712
7510.0 0.02642349604414641
7520.0 0.02655393340814365
7530.0 0.02668500558166026
7540.0 0.02681671126934812
7550.0 0.02694904912079155
7560.0 0.02708201772994282
7570.0 0.02721561563456083
7580.0 0.02734984131565349
7590.0 0.02748469319692389
7600.0 0.02762016964422008
7610.0 0.02775626896498907
7620.0 0.0278929894077348
7630.0 0.02803032916148052
7640.0 0.02816828635523547
7650.0 0.02830685905746614
7660.0 0.02844604527557234
7670.0 0.02858584295536806
7680.0 0.02872624998056728
7690.0 0.02886726417227507
7700.0 0.02900888328848392
7710.0 0.02915110502357553
7720.0 0.02929392700782834
7730.0 0.02943734680693058
7740.0 0.02958136192149955
7750.0 0.02972596978660676
7760.0 0.02987116777130942
7770.0 0.03001695317818828
7780.0 0.0301633232428921
7790.0 0.03031027513368864
7800.0 0.03045780595102291
7810.0 0.03060591272708194
7820.0 0.03075459242536721
7830.0 0.03090384194027414
7840.0 0.03105365809667925
7850.0 0.03120403764953491
7860.0 0.03135497728347199
7870.0 0.03150647361241046
7880.0 0.03165852317917818
7890.0 0.03181112245513812
7900.0 0.03196426783982378
7910.0 0.03211795566058362
7920.0 0.03227218217223402
7930.0 0.03242694355672139
7940.0 0.03258223592279334
7950.0 0.03273805530567916
7960.0 0.03289439766677977
7970.0 0.03305125889336731
7980.0 0.03320863479829447
7990.0 0.03336652111971384
8000.0 0.03352491352080727
8010.0 0.03368380758952558
8020.0 0.03384319883833864
8030.0 0.03400308270399612
8040.0 0.03416345454729883
8050.0 0.03432430965288107
8060.0 0.03448564322900408
8070.0 0.03464745040736055
8080.0 0.03480972624289061
8090.0 0.03497246571360929
8100.0 0.03513566372044577
8110.0 0.03529931508709417
8120.0 0.03546341455987658
8130.0 0.03562795680761819
8140.0 0.03579293642153453
8150.0 0.03595834791513117
8160.0 0.03612418572411624
8170.0 0.03629044420632509
8180.0 0.03645711764165851
8190.0 0.03662420023203324
8200.0 0.03679168610134616
8210.0 0.03695956929545133
8220.0 0.03712784378215068
8230.0 0.03729650345119813
8240.0 0.03746554211431734
8250.0 0.0376349535052333
8260.0 0.03780473127971772
8270.0 0.03797486901564871
8280.0 0.03814536021308425
8290.0 0.03831619829435025
8300.0 0.0384873766041428
8310.0 0.03865888840964515
8320.0 0.03883072690065898
8330.0 0.03900288518975074
8340.0 0.03917535631241256
8350.0 0.03934813322723836
8360.0 0.03952120881611473
8370.0 0.03969457588442714
8380.0 0.03986822716128135
8390.0 0.04004215529974009
8400.0 0.04021635287707526
8410.0 0.04039081239503559
8420.0 0.04056552628012976
8430.0 0.04074048688392551
8440.0 0.04091568648336417
8450.0 0.04109111728109127
8460.0 0.04126677140580283
8470.0 0.04144264091260774
8480.0 0.04161871778340624
8490.0 0.04179499392728429
8500.0 0.04197146118092411
8510.0 0.04214811130903123
8520.0 0.04232493600477737
8530.0 0.04250192689025978
8540.0 0.04267907551697707
8550.0 0.04285637336632108
8560.0 0.04303381185008544
8570.0 0.04321138231099051
8580.0 0.04338907602322466
8590.0 0.0435668841930021
8600.0 0.04374479795913733
8610.0 0.04392280839363583
8620.0 0.04410090650230165
8630.0 0.04427908322536114
8640.0 0.04445732943810348
8650.0 0.04463563595153756
8660.0 0.0448139935130657
8670.0 0.04499239280717336
8680.0 0.0451708244561357
8690.0 0.04534927902074072
8700.0 0.04552774700102846
8710.0 0.04570621883704686
8720.0 0.04588468490962396
8730.0 0.04606313554115644
8740.0 0.04624156099641442
8750.0 0.04641995148336256
8760.0 0.04659829715399728
8770.0 0.04677658810520024
8780.0 0.04695481437960763
8790.0 0.04713296596649585
8800.0 0.04731103280268283
8810.0 0.04748900477344523
8820.0 0.04766687171345149
8830.0 0.04784462340771069
8840.0 0.04802224959253661
8850.0 0.04819973995652771
8860.0 0.04837708414156232
8870.0 0.048554271743809
8880.0 0.04873129231475237
8890.0 0.04890813536223368
8900.0 0.04908479035150661
8910.0 0.04926124670630766
8920.0 0.04943749380994129
8930.0 0.04961352100637972
8940.0 0.04978931760137702
8950.0 0.04996487286359735
8960.0 0.05014017602575763
8970.0 0.0503152162857839
8980.0 0.05048998280798159
8990.0 0.05066446472421923
9000.0 0.05083865113512595
9010.0 0.05101253111130208
9020.0 0.05118609369454274
9030.0 0.0513593278990746
9040.0 0.05153222271280512
9050.0 0.0517047670985846
9060.0 0.05187694999548035
9070.0 0.05204876032006314
9080.0 0.05222018696770531
9090.0 0.0523912188138911
9100.0 0.05256184471553802
9110.0 0.05273205351232968
9120.0 0.05290183402805966
9130.0 0.05307117507198624
9140.0 0.05324006544019768
9150.0 0.05340849391698787
9160.0 0.05357644927624192
9170.0 0.05374392028283206
9180.0 0.05391089569402265
9190.0 0.05407736426088471
9200.0 0.05424331472971981
9210.0 0.05440873584349226
9220.0 0.05457361634327054
9230.0 0.05473794496967621
9240.0 0.05490171046434163
9250.0 0.05506490157137495
9260.0 0.05522750703883256
9270.0 0.05538951562019898
9280.0 0.05555091607587326
9290.0 0.05571169717466243
9300.0 0.05587184769528059
9310.0 0.05603135642785477
9320.0 0.05619021217543575
9330.0 0.05634840375551473
9340.0 0.05650592000154487
9350.0 0.05666274976446759
9360.0 0.05681888191424336
9370.0 0.05697430534138651
9380.0 0.05712900895850409
9390.0 0.05728298170183783
9400.0 0.05743621253280945
9410.0 0.05758869043956896
9420.0 0.05774040443854499
9430.0 0.05789134357599781
9440.0 0.05804149692957368
9450.0 0.05819085360986092
9460.0 0.05833940276194733
9470.0 0.05848713356697776
9480.0 0.05863403524371286
9490.0 0.05878009705008753
9500.0 0.05892530828476906
9510.0 0.05906965828871503
9520.0 0.05921313644672997
9530.0 0.05935573218902085
9540.0 0.05949743499275085
9550.0 0.05963823438359118
9560.0 0.05977811993727071
9570.0 0.05991708128112261
9580.0 0.06005510809562793
9590.0 0.06019219011595613
9600.0 0.06032831713350147
9610.0 0.06046347899741541
9620.0 0.06059766561613422
9630.0 0.06073086695890257
9640.0 0.0608630730572909
9650.0 0.06099427400670777
9660.0 0.06112445996790629
9670.0 0.06125362116848403
9680.0 0.06138174790437669
9690.0 0.06150883054134412
9700.0 0.06163485951644986
9710.0 0.06175982533953207
9720.0 0.06188371859466717
9730.0 0.06200652994162455
9740.0 0.06212825011731285
9750.0 0.06224886993721677
9760.0 0.06236838029682492
9770.0 0.06248677217304725
9780.0 0.06260403662562301
9790.0 0.0627201647985175
9800.0 0.06283514792130859
9810.0 0.06294897731056152
9820.0 0.06306164437119285
9830.0 0.0631731405978217
9840.0 0.06328345757610962
9850.0 0.06339258698408741
9860.0 0.0635005205934692
9870.0 0.06360725027095353
9880.0 0.06371276797951077
9890.0 0.06381706577965673
9900.0 0.06392013583071215
9910.0 0.06402197039204778
9920.0 0.06412256182431464
9930.0 0.06422190259065941
9940.0 0.06431998525792386
9950.0 0.06441680249782938
9960.0 0.06451234708814514
9970.0 0.06460661191383987
9980.0 0.06469958996821734
9990.0 0.06479127435403481
10000.0 0.06488165828460461
10010.0 0.06497073508487793
10020.0 0.06505849819251137
10030.0 0.06514494115891524
10040.0 0.06523005765028375
10050.0 0.06531384144860697
10060.0 0.06539628645266343
10070.0 0.06547738667899464
10080.0 0.06555713626285964
10090.0 0.06563552945917056
10100.0 0.06571256064340827
10110.0 0.06578822431251813
10120.0 0.06586251508578561
10130.0 0.06593542770569193
10140.0 0.06600695703874818
10150.0 0.06607709807630983
10160.0 0.0661458459353694
10170.0 0.06621319585932813
10180.0 0.06627914321874666
10190.0 0.06634368351207365
10200.0 0.06640681236635268
10210.0 0.06646852553790798
10220.0 0.06652881891300681
10230.0 0.06658768850850089
10240.0 0.06664513047244448
10250.0 0.06670114108469014
10260.0 0.0667557167574623
10270.0 0.06680885403590714
10280.0 0.06686054959862028
10290.0 0.06691080025815062
10300.0 0.06695960296148196
10310.0 0.06700695479049006
10320.0 0.06705285296237722
10330.0 0.06709729483008295
10340.0 0.06714027788267117
10350.0 0.06718179974569327
10360.0 0.06722185818152801
10370.0 0.06726045108969687
10380.0 0.06729757650715588
10390.0 0.06733323260856373
10400.0 0.06736741770652488
10410.0 0.06740013025180944
10420.0 0.06743136883354837
10430.0 0.06746113217940511
10440.0 0.0674894191557222
10450.0 0.06751622876764407
10460.0 0.067541560159216
10470.0 0.06756541261345779
10480.0 0.06758778555241435
10490.0 0.06760867853718103
10500.0 0.06762809126790532
10510.0 0.06764602358376437
10520.0 0.06766247546291776
10530.0 0.06767744702243658
10540.0 0.06769093851820819
10550.0 0.0677029503448172
10560.0 0.06771348303540199
10570.0 0.06772253726148734
10580.0 0.06773011383279351
10590.0 0.06773621369702111
10600.0 0.06774083793961247
10610.0 0.06774398778348897
10620.0 0.06774566458876533
10630.0 0.06774586985243992
10640.0 0.06774460520806198
10650.0 0.06774187242537541
10660.0 0.06773767340993962
10670.0 0.06773201020272702
10680.0 0.06772488497969797
10690.0 0.06771630005135243
10700.0 0.06770625786225987
10710.0 0.06769476099056562
10720.0 0.06768181214747596
10730.0 0.06766741417671963
10740.0 0.06765157005398936
10750.0 0.06763428288635928
10760.0 0.06761555591168272
10770.0 0.06759539249796667
10780.0 0.06757379614272647
10790.0 0.06755077047231893
10800.0 0.06752631924125367
10810.0 0.06750044633148486
10820.0 0.06747315575168232
10830.0 0.06744445163648159
10840.0 0.06741433824571473
10850.0 0.06738281996362093
10860.0 0.06734990129803721
10870.0 0.06731558687957051
10880.0 0.06727988146074991
10890.0 0.06724278991516017
10900.0 0.06720431723655679
10910.0 0.06716446853796232
10920.0 0.0671232490507447
10930.0 0.06708066412367802
10940.0 0.0670367192219847
10950.0 0.06699141992636161
10960.0 0.0669447719319879
10970.0 0.06689678104751658
10980.0 0.06684745319404971
10990.0 0.06679679440409692
11000.0 0.0667448108205182
11010.0 0.06669150869545085
11020.0 0.06663689438922113
11030.0 0.066580974369241
11040.0 0.0665237552088898
11050.0 0.06646524358638098
11060.0 0.06640544628361628
11070.0 0.06634437018502361
11080.0 0.06628202227638372
11090.0 0.06621840964364187
11100.0 0.06615353947170755
11110.0 0.06608741904324113
11120.0 0.06602005573742831
11130.0 0.06595145702874267
11140.0 0.06588163048569647
11150.0 0.06581058376957996
11160.0 0.06573832463319021
11170.0 0.06566486091954836
11180.0 0.06559020056060769
11190.0 0.06551435157595042
11200.0 0.06543732207147611
11210.0 0.0653591202380794
11220.0 0.06527975435031982
11230.0 0.06519923276508223
11240.0 0.06511756392022973
11250.0 0.0650347563332471
11260.0 0.06495081859987861
11270.0 0.06486575939275653
11280.0 0.0647795874600238
11290.0 0.06469231162395042
11300.0 0.06460394077954183
11310.0 0.06451448389314333
11320.0 0.06442395000103775
11330.0 0.06433234820803785
11340.0 0.06423968768607434
11350.0 0.06414597767277888
11360.0 0.06405122747006266
11370.0 0.06395544644269209
11380.0 0.06385864401685921
11390.0 0.06376082967875048
11400.0 0.06366201297311186
11410.0 0.06356220350181131
11420.0 0.06346141092239932
11430.0 0.06335964494666753
11440.0 0.06325691533920555
11450.0 0.06315323191595691
11460.0 0.0630486045427736
11470.0 0.06294304313397038
11480.0 0.0628365576508791
11490.0 0.06272915810040236
11500.0 0.06262085453356822
11510.0 0.06251165704408546
11520.0 0.06240157576689955
11530.0 0.06229062087675059
11540.0 0.06217880258673234
11550.0 0.06206613114685346
11560.0 0.06195261684260111
11570.0 0.06183826999350723
11580.0 0.06172310095171731
11590.0 0.06160712010056291
11600.0 0.06149033785313725
11610.0 0.0613727646508747
11620.0 0.06125441096213492
11630.0 0.06113528728079023
11640.0 0.061015404124819
11650.0 0.06089477203490299
11660.0 0.06077340157303038
11670.0 0.06065130332110428
11680.0 0.06052848787955704
11690.0 0.06040496586597058
11700.0 0.06028074791370332
11710.0 0.06015584467052282
11720.0 0.06003026679724711
11730.0 0.05990402496639113
11740.0 0.05977712986082127
11750.0 0.05964959217241913
11760.0 0.05952142260075009
11770.0 0.05939263185174285
11780.0 0.05926323063637551
11790.0 0.05913322966937168
11800.0 0.0590026396679038
11810.0 0.05887147135030722
11820.0 0.05873973543480249
11830.0 0.05860744263822758
11840.0 0.05847460367477927
11850.0 0.0583412292547659
11860.0 0.05820733008336838
11870.0 0.05807291685941336
11880.0 0.05793800027415522
11890.0 0.05780259101007071
11900.0 0.05766669973966311
11910.0 0.05753033712427769
11920.0 0.0573935138129294
11930.0 0.05725624044114132
11940.0 0.05711852762979462
11950.0 0.05698038598399125
11960.0 0.05684182609192778
11970.0 0.05670285852378182
11980.0 0.05656349383061055
11990.0 0.05642374254326248
12000.0 0.05628361517130081
12010.0 0.05614312220194036
12020.0 0.05600227409899696
12030.0 0.05586108130185019
12040.0 0.0557195542244194
12050.0 0.05557770325415284
12060.0 0.05543553875103026
12070.0 0.05529307104657914
12080.0 0.05515031044290497
12090.0 0.05500726721173443
12100.0 0.0548639515934736
12110.0 0.05472037379627916
12120.0 0.0545765439951447
12130.0 0.05443247233100047
12140.0 0.05428816890982723
12150.0 0.05414364380178577
12160.0 0.0539989070403596
12170.0 0.05385396862151223
12180.0 0.05370883850286058
12190.0 0.05356352660286075
12200.0 0.05341804280001036
12210.0 0.05327239693206519
12220.0 0.05312659879527019
12230.0 0.05298065814360612
12240.0 0.05283458468805079
12250.0 0.05268838809585488
12260.0 0.05254207798983414
12270.0 0.05239566394767511
12280.0 0.05224915550125693
12290.0 0.0521025621359883
12300.0 0.05195589329015877
12310.0 0.05180915835430636
12320.0 0.05166236667059954
12330.0 0.05151552753223498
12340.0 0.05136865018285017
12350.0 0.05122174381595149
12360.0 0.05107481757435751
12370.0 0.05092788054965715
12380.0 0.05078094178168415
12390.0 0.05063401025800542
12400.0 0.05048709491342567
12410.0 0.05034020462950653
12420.0 0.0501933482341014
12430.0 0.05004653450090554
12440.0 0.04989977214902025
12450.0 0.04975306984253412
12460.0 0.0496064361901172
12470.0 0.04945987974463176
12480.0 0.04931340900275771
12490.0 0.04916703240463273
12500.0 0.04902075833350747
12510.0 0.04887459511541615
12520.0 0.04872855101886078
12530.0 0.04858263425451183
12540.0 0.04843685297492251
12550.0 0.04829121527425814
12560.0 0.04814572918804005
12570.0 0.04800040269290405
12580.0 0.04785524370637394
12590.0 0.04771026008664869
12600.0 0.04756545963240434
12610.0 0.0474208500826108
12620.0 0.04727643911636162
12630.0 0.04713223435271959
12640.0 0.04698824335057485
12650.0 0.0468444736085182
12660.0 0.0467009325647279
12670.0 0.04655762759687004
12680.0 0.04641456602201351
12690.0 0.0462717550965579
12700.0 0.0461292020161754
12710.0 0.04598691391576642
12720.0 0.04584489786942789
12730.0 0.04570316089043587
12740.0 0.04556170993124092
12750.0 0.04542055188347641
12760.0 0.04527969357798061
12770.0 0.04513914178483108
12780.0 0.04499890321339239
12790.0 0.04485898451237613
12800.0 0.04471939226991423
12810.0 0.04458013301364478
12820.0 0.04444121321080921
12830.0 0.04430263926836392
12840.0 0.0441644175331021
12850.0 0.0440265542917891
12860.0 0.04388905577130947
12870.0 0.04375192813882563
12880.0 0.0436151775019489
12890.0 0.04347880990892198
12900.0 0.04334283134881335
12910.0 0.04320724775172279
12920.0 0.04307206498899881
12930.0 0.04293728887346716
12940.0 0.04280292515967032
12950.0 0.0426689795441189
12960.0 0.04253545766555275
12970.0 0.04240236510521479
12980.0 0.04226970738713344
12990.0 0.04213748997841783
13000.0 0.04200571828956194
13010.0 0.04187439767476041
13020.0 0.04174353343223385
13030.0 0.04161313080456481
13040.0 0.04148319497904418
13050.0 0.04135373108802683
13060.0 0.04122474420929791
13070.0 0.04109623936644864
13080.0 0.04096822152926224
13090.0 0.0408406956141087
13100.0 0.04071366648434979
13110.0 0.04058713895075321
13120.0 0.04046111777191601
13130.0 0.04033560765469763
13140.0 0.04021061325466137
13150.0 0.04008613917652548
13160.0 0.03996218997462275
13170.0 0.03983877015336938
13180.0 0.03971588416774233
13190.0 0.03959353642376494
13200.0 0.03947173127900207
13210.0 0.03935047304306274
13220.0 0.03922976597811132
13230.0 0.03910961429938763
13240.0 0.03899002217573472
13250.0 0.03887099373013447
13260.0 0.03875253304025184
13270.0 0.03863464413898667
13280.0 0.03851733101503359
13290.0 0.03840059761344942
13300.0 0.0382844478362285
13310.0 0.03816888554288573
13320.0 0.03805391455104646
13330.0 0.03793953863704526
13340.0 0.03782576153653042
13350.0 0.03771258694507735
13360.0 0.03760001851880781
13370.0 0.03748805987501799
13380.0 0.03737671459281167
13390.0 0.03726598621374282
13400.0 0.03715587824246345
13410.0 0.03704639414737906
13420.0 0.03693753736131132
13430.0 0.03682931128216686
13440.0 0.03672171927361408
13450.0 0.03661476466576541
13460.0 0.03650845075586714
13470.0 0.03640278080899606
13480.0 0.03629775805876197
13490.0 0.0361933857080179
13500.0 0.03608966692957601
13510.0 0.03598660486693046
13520.0 0.03588420263498706
13530.0 0.03578246332079895
13540.0 0.03568138998430882
13550.0 0.03558098565909865
13560.0 0.0354812533531443
13570.0 0.03538219604957756
13580.0 0.03528381670745487
13590.0 0.03518611826253151
13600.0 0.03508910362804332
13610.0 0.03499277569549398
13620.0 0.03489713733544956
13630.0 0.0348021913983389
13640.0 0.03470794071526055
13650.0 0.03461438809879649
13660.0 0.03452153634383253
13670.0 0.0344293882283843
13680.0 0.03433794651443111
13690.0 0.03424721394875509
13700.0 0.0341571932637881
13710.0 0.03406788717846466
13720.0 0.03397929839908156
13730.0 0.03389142962016461
13740.0 0.03380428352534204
13750.0 0.03371786278822416
13760.0 0.03363217007329127
13770.0 0.03354720803678699
13780.0 0.03346297932761991
13790.0 0.03337948658827154
13800.0 0.0332967324557119
13810.0 0.033214719562322
13820.0 0.03313345053682418
13830.0 0.03305292800521924
13840.0 0.03297315459173198
13850.0 0.03289413291976334
13860.0 0.03281586561285088
13870.0 0.03273835529563732
13880.0 0.0326616045948467
13890.0 0.03258561614026845
13900.0 0.03251039256574988
13910.0 0.0324359365101972
13920.0 0.03236225061858455
13930.0 0.03228933754297246
13940.0 0.03221719994353384
13950.0 0.03214584048958967
13960.0 0.03207526186065415
13970.0 0.03200546674748769
13980.0 0.03193645785316092
13990.0 0.03186823789412706
14000.0 0.03180080960130474
14010.0 0.03173417572117014
14020.0 0.03166833901685984
14030.0 0.03160330226928409
14040.0 0.0315390682782496
14050.0 0.03147563986359431
14060.0 0.03141301986633272
14070.0 0.03135121114981163
14080.0 0.03129021660087882
14090.0 0.03123003913106231
14100.0 0.03117068167776134
14110.0 0.03111214720545099
14120.0 0.03105443870689743
14130.0 0.03099755920438722
14140.0 0.03094151175096913
14150.0 0.03088629943170909
14160.0 0.03083192536495915
14170.0 0.03077839270364005
14180.0 0.03072570463653792
14190.0 0.03067386438961592
14200.0 0.03062287522734049
14210.0 0.03057274045402268
14220.0 0.03052346341517529
14230.0 0.03047504749888559
14240.0 0.03042749613720522
14250.0 0.03038081280755558
14260.0 0.03033500103415105
14270.0 0.03029006438943961
14280.0 0.03024600649556101
14290.0 0.03020283102582344
14300.0 0.03016054170619935
14310.0 0.0301191423168399
14320.0 0.03007863669360906
14330.0 0.03003902872963812
14340.0 0.03000032237690084
14350.0 0.02996252164780968
14360.0 0.02992563061683295
14370.0 0.02988965342213556
14380.0 0.0298545942672407
14390.0 0.02982045742271596
14400.0 0.02978724722788282
14410.0 0.02975496809255068
14420.0 0.02972362449877525
14430.0 0.02969322100264317
14440.0 0.02966376223608273
14450.0 0.02963525290870067
14460.0 0.02960769780964755
14470.0 0.02958110180951043
14480.0 0.02955546986223479
14490.0 0.02953080700707553
14500.0 0.02950711837057874
14510.0 0.0294844091685944
14520.0 0.02946268470832064
14530.0 0.02944195039038031
14540.0 0.02942221171093164
14550.0 0.02940347426381225
14560.0 0.0293857437427183
14570.0 0.02936902594342062
14580.0 0.02935332676601563
14590.0 0.02933865221721561
14600.0 0.02932500841267682
14610.0 0.02931240157936673
14620.0 0.02930083805797296
14630.0 0.02929032430535279
14640.0 0.02928086689702511
14650.0 0.02927247252970711
14660.0 0.02926514802389392
14670.0 0.02925890032648569
14680.0 0.0292537365134605
14690.0 0.02924966379259593
14700.0 0.02924668950623947
14710.0 0.02924482113413026
14720.0 0.02924406629627092
14730.0 0.02924443275585482
14740.0 0.02924592842224541
14750.0 0.02924856135401272
14760.0 0.02925233976202697
14770.0 0.02925727201260918
14780.0 0.02926336663074425
14790.0 0.0292706323033535
14800.0 0.02927907788263113
14810.0 0.02928871238944542
14820.0 0.02929954501680578
14830.0 0.0293115851333979
14840.0 0.02932484228718895
14850.0 0.02933932620910336
14860.0 0.02935504681677251
14870.0 0.02937201421835903
14880.0 0.02939023871645798
14890.0 0.02940973081207767
14900.0 0.02943050120870033
14910.0 0.02945256081642612
14920.0 0.02947592075620255
14930.0 0.02950059236414012
14940.0 0.02952658719591847
14950.0 0.02955391703128368
14960.0 0.02958259387863918
14970.0 0.02961262997973414
14980.0 0.02964403781444908
14990.0 0.02967683010568485
15000.0 0.02971101982435423
15010.0 0.02974662019448052
15020.0 0.02978364469840556
15030.0 0.02982210708211064
15040.0 0.02986202136065069
15050.0 0.02990340182370918
15060.0 0.02994626304127179
15070.0 0.02999061986942552
15080.0 0.03003648745628532
15090.0 0.03008388124805097
15100.0 0.03013281699519845
15110.0 0.03018331075880936
15120.0 0.03023537891704086
15130.0 0.03028903817174093
15140.0 0.03034430555521311
15150.0 0.03040119843713197
15160.0 0.03045973453161794
15170.0 0.03051993190447035
15180.0 0.03058180898056717
15190.0 0.03064538455143371
15200.0 0.03071067778298416
15210.0 0.03077770822344344
15220.0 0.03084649581145066
15230.0 0.0309170608843516
15240.0 0.03098942418668312
15250.0 0.03106360687885716
15260.0 0.03113963054604718
15270.0 0.03121751720728428
15280.0 0.03129728932476688
15290.0 0.03137896981339199
15300.0 0.03146258205051161
15310.0 0.03154814988592128
15320.0 0.03163569765208931
15330.0 0.03172525017462832
15340.0 0.03181683278302033
15350.0 0.03191047132159965
15360.0 0.03200619216080118
15370.0 0.03210402220868266
15380.0 0.032203988922726
15390.0 0.03230612032192712
15400.0 0.03241044499918134
15410.0 0.03251699213397301
15420.0 0.03262579150537852
15430.0 0.03273687350538782
15440.0 0.03285026915255871
15450.0 0.03296601010600757
15460.0 0.03308412867975171
15470.0 0.03320465785740562
15480.0 0.03332763130724957
15490.0 0.03345308339767503
15500.0 0.03358104921301765
15510.0 0.03371156456979324
15520.0 0.0338446660333421
15530.0 0.0339803909348986
15540.0 0.03411877738909425
15550.0 0.03425986431190828
15560.0 0.03440369143907778
15570.0 0.03455029934498175
15580.0 0.0346997294620097
15590.0 0.03485202410043299
15600.0 0.03500722646878904
15610.0 0.03516538069479536
15620.0 0.03532653184680936
15630.0 0.03549072595584599
15640.0 0.03565801003817543
15650.0 0.03582843211851114
15660.0 0.03600204125381019
15670.0 0.03617888755770123
15680.0 0.03635902222555851
15690.0 0.03654249756024305
15700.0 0.03672936699852726
15710.0 0.0369196851382257
15720.0 0.03711350776605118
15730.0 0.03731089188621892
15740.0 0.03751189574981893
15750.0 0.03771657888498249
15760.0 0.03792500212786288
15770.0 0.03813722765445687
15780.0 0.03835331901329174
15790.0 0.03857334115900202
15800.0 0.03879736048682661
15810.0 0.0390254448680488
15820.0 0.03925766368641144
22490.0 0.039494021
22500.0 0.039376515
22510.0 0.039259009
22520.0 0.039141503
22530.0 0.039023997
22540.0 0.038906491
22550.0 0.038788985
22560.0 0.038671479
22570.0 0.038553973
22580.0 0.038436467
22590.0 0.038318961
22600.0 0.038201455
22610.0 0.038083948
22620.0 0.037966442
22630.0 0.037848936
22640.0 0.03773143
22650.0 0.037613924
22660.0 0.037496418
22670.0 0.037378912
22680.0 0.037261406
22690.0 0.0371439
22700.0 0.037026394
22710.0 0.036908888
22720.0 0.036791382
22730.0 0.036673876
22740.0 0.03655637
22750.0 0.036438864
22760.0 0.036321358
22770.0 0.036203852
22780.0 0.036086345
22790.0 0.035968839
22800.0 0.035851333
22810.0 0.035733827
22820.0 0.035616321
22830.0 0.035498815
22840.0 0.035381309
22850.0 0.035263803
22860.0 0.035146297
22870.0 0.035028791
22880.0 0.034911285
22890.0 0.034793779
22900.0 0.034676273
22910.0 0.034558767
22920.0 0.034441261
22930.0 0.034323755
22940.0 0.034206248
22950.0 0.034088742
22960.0 0.033971236
22970.0 0.03385373
22980.0 0.033736224
22990.0 0.033618718
23000.0 0.033501212
23010.0 0.033383706
23020.0 0.0332662
23030.0 0.033148694
23040.0 0.033031188
23050.0 0.032913682
23060.0 0.032796176
23070.0 0.03267867
23080.0 0.032561164
23090.0 0.032443658
23100.0 0.032326152
23110.0 0.032208645
23120.0 0.032091139
23130.0 0.031973633
23140.0 0.031856127
23150.0 0.031738621
23160.0 0.031621115
23170.0 0.031503609
23180.0 0.031386103
23190.0 0.031268597
23200.0 0.031151091
23210.0 0.031033585
23220.0 0.030916079
23230.0 0.030798573
23240.0 0.030681067
23250.0 0.030563561
23260.0 0.030446055
23270.0 0.030328548
23280.0 0.030211042
23290.0 0.030093536
23300.0 0.02997603
23310.0 0.029858524
23320.0 0.029741018
23330.0 0.029623512
23340.0 0.029506006
23350.0 0.0293885
23360.0 0.029270994
23370.0 0.029153488
23380.0 0.029035982
23390.0 0.028918476
23400.0 0.02880097
23410.0 0.028683464
23420.0 0.028565958
23430.0 0.028448452
23440.0 0.028330945
23450.0 0.028213439
23460.0 0.028095933
23470.0 0.027978427
23480.0 0.027860921
23490.0 0.027743415
23500.0 0.027625909
23510.0 0.027508403
23520.0 0.027390897
23530.0 0.027273391
23540.0 0.027155885
23550.0 0.027038379
23560.0 0.026920873
23570.0 0.026803367
23580.0 0.026685861
23590.0 0.026568355
23600.0 0.026450848
23610.0 0.026333342
23620.0 0.026215836
23630.0 0.02609833
23640.0 0.025980824
23650.0 0.025863318
23660.0 0.025745812
23670.0 0.025628306
23680.0 0.0255108
23690.0 0.025393294
23700.0 0.025275788
23710.0 0.025158282
23720.0 0.025040776
23730.0 0.02492327
23740.0 0.024805764
23750.0 0.024688258
23760.0 0.024570752
23770.0 0.024453245
23780.0 0.024335739
23790.0 0.024218233
23800.0 0.024100727
23810.0 0.023983221
23820.0 0.023865715
23830.0 0.023748209
23840.0 0.023630703
23850.0 0.023513197
23860.0 0.023395691
23870.0 0.023278185
23880.0 0.023160679
23890.0 0.023043173
23900.0 0.022925667
23910.0 0.022808161
23920.0 0.022690655
23930.0 0.022573148
23940.0 0.022455642
23950.0 0.022338136
23960.0 0.02222063
23970.0 0.022103124
23980.0 0.021985618
23990.0 0.021868112
24000.0 0.021750606
24010.0 0.0216331
24020.0 0.021515594
24030.0 0.021398088
24040.0 0.021280582
24050.0 0.021163076
24060.0 0.02104557
24070.0 0.020928064
24080.0 0.020810558
24090.0 0.020693052
24100.0 0.020575545
24110.0 0.020458039
24120.0 0.020340533
24130.0 0.020223027
24140.0 0.020105521
24150.0 0.019988015
24160.0 0.019870509
24170.0 0.019753003
24180.0 0.019635497
24190.0 0.019517991
24200.0 0.019400485
24210.0 0.019282979
24220.0 0.019165473
24230.0 0.019047967
24240.0 0.018930461
24250.0 0.018812955
24260.0 0.018695448
24270.0 0.018577942
24280.0 0.018460436
24290.0 0.01834293
24300.0 0.018225424
24310.0 0.018107918
24320.0 0.017990412
24330.0 0.017872906
24340.0 0.0177554
24350.0 0.017637894
24360.0 0.017520388
24370.0 0.017402882
24380.0 0.017285376
24390.0 0.01716787
24400.0 0.017050364
24410.0 0.016932858
24420.0 0.016815352
24430.0 0.016697845
24440.0 0.016580339
24450.0 0.016462833
24460.0 0.016345327
24470.0 0.016227821
24480.0 0.016110315
24490.0 0.015992809
24500.0 0.015875303
24510.0 0.015757797
24520.0 0.015640291
24530.0 0.015522785
24540.0 0.015405279
24550.0 0.015287773
24560.0 0.015170267
24570.0 0.015052761
24580.0 0.014935255
24590.0 0.014817748
24600.0 0.014700242
24610.0 0.014582736
24620.0 0.01446523
24630.0 0.014347724
24640.0 0.014230218
24650.0 0.014112712
24660.0 0.013995206
24670.0 0.0138777
24680.0 0.013760194
24690.0 0.013642688
24700.0 0.013525182
24710.0 0.013407676
24720.0 0.01329017
24730.0 0.013172664
24740.0 0.013055158
24750.0 0.012937652
24760.0 0.012820145
24770.0 0.012702639
24780.0 0.012585133
24790.0 0.012467627
24800.0 0.012350121
24810.0 0.012232615
24820.0 0.012115109
24830.0 0.011997603
24840.0 0.011880097
24850.0 0.011762591
24860.0 0.011645085
24870.0 0.011527579
24880.0 0.011410073
24890.0 0.011292567
24900.0 0.011175061
24910.0 0.011057555
24920.0 0.010940048
24930.0 0.010822542
24940.0 0.010705036
24950.0 0.01058753
24960.0 0.010470024
24970.0 0.010352518
24980.0 0.010235012
24990.0 0.010117506
25000.0 0.010117506
